0.000024
0.910944
0.035637
0.000301
0.702040
0.000109
0.106245
0.001273
0.026453
0.000019
0.913838
0.036874
0.000282
0.716728
0.000099
0.104926
0.001268
0.026165
0.000027
0.909974
0.036920
0.000322
0.698676
0.000125
0.106264
0.001288
0.027903
0.000043
0.922927
0.035963
0.000341
0.714275
0.000105
0.110849
0.001325
0.027587
0.000034
0.926717
0.035934
0.000312
0.705010
0.000118
0.106526
0.001246
0.026585
0.000047
0.909223
0.036111
0.000366
0.713928
0.000112
0.110134
0.001266
0.026752
0.000036
0.918703
0.035983
0.000302
0.700597
0.000119
0.104230
0.001505
0.027388
0.000031
0.933867
0.037047
0.000278
0.698709
0.000103
0.105933
0.001239
0.026415
0.000022
0.906065
0.035885
0.000288
0.701844
0.000115
0.104534
0.001260
0.027527
0.000022
0.913392
0.035925
0.000325
0.701737
0.000117
0.106055
0.001365
0.027193
