0.000022
0.602934
0.038212
0.000297
0.691202
0.000112
0.105588
0.001253
0.027479
0.000043
0.631436
0.037239
0.000299
0.702305
0.000118
0.105103
0.001271
0.027467
0.000019
0.600780
0.037564
0.000286
0.701905
0.000115
0.106414
0.001241
0.027586
0.000043
0.601555
0.037829
0.000385
0.696666
0.000121
0.104649
0.001976
0.028142
0.000024
0.591938
0.037070
0.000292
0.697335
0.000114
0.107122
0.001257
0.028740
0.000035
0.593811
0.037091
0.000281
0.698639
0.000114
0.103172
0.001233
0.028935
0.000022
0.594275
0.037004
0.000295
0.707282
0.000126
0.110007
0.001277
0.029991
0.000020
0.599411
0.036587
0.000410
0.697464
0.000150
0.101728
0.001976
0.027413
0.000044
0.601969
0.037026
0.000295
0.694972
0.000116
0.111409
0.001221
0.028008
0.000026
0.596796
0.037172
0.000292
0.697060
0.000105
0.106430
0.001239
0.027616
