0.000026
0.548362
0.038546
0.000380
0.688636
0.000123
0.107001
0.001669
0.034036
0.000033
0.543084
0.040573
0.000297
0.693377
0.000111
0.109000
0.004170
0.032317
0.000038
0.549438
0.039273
0.000289
0.704487
0.000111
0.108837
0.001666
0.031835
0.000026
0.545923
0.040497
0.000285
0.700315
0.000120
0.107735
0.003915
0.032257
0.000057
0.541309
0.039416
0.000292
0.695187
0.000122
0.106740
0.003093
0.032123
0.000037
0.543387
0.040521
0.000294
0.694990
0.000122
0.107983
0.004018
0.030830
0.000046
0.540074
0.039353
0.000273
0.694449
0.000119
0.107827
0.003851
0.030943
0.000044
0.537406
0.039719
0.000276
0.696848
0.000113
0.106621
0.003786
0.032375
0.000045
0.542093
0.039377
0.000317
0.693659
0.000115
0.109903
0.004330
0.032238
0.000030
0.543387
0.039846
0.000284
0.694556
0.000103
0.113202
0.003854
0.031535
