0.000029
2.163138
0.153715
0.000307
2.826131
0.000113
0.415589
0.003714
0.117911
0.000021
2.166379
0.152782
0.000345
2.852429
0.000114
0.410483
0.003625
0.116637
0.000033
2.134095
0.152089
0.000391
2.880404
0.000113
0.416662
0.003541
0.117914
0.000039
2.499904
0.164837
0.000482
3.607132
0.000176
0.493967
0.002275
0.137050
0.000022
2.112000
0.154713
0.000301
2.831545
0.000110
0.417774
0.003520
0.120710
0.000039
2.470387
0.167733
0.000500
3.573599
0.000173
0.520726
0.003826
0.140042
0.000020
2.131460
0.150721
0.000302
2.872561
0.000113
0.423808
0.003500
0.122051
0.000021
2.201235
0.156595
0.000308
2.879794
0.000106
0.421028
0.003847
0.117759
0.000022
2.127234
0.151803
0.000317
2.818915
0.000108
0.407470
0.003684
0.115551
0.000021
2.109752
0.152556
0.000318
2.851293
0.000104
0.416117
0.003815
0.115864
