0.024422
24.233490
0.080697
0.000399
1.449019
0.000133
0.216827
0.003337
0.056981
0.000036
1.815091
0.084219
0.000306
1.430008
0.000106
0.229274
0.001963
0.065280
0.000058
1.783840
0.083449
0.000314
1.431411
0.000108
0.230077
0.001977
0.064848
0.000045
1.794434
0.083657
0.000299
1.456618
0.000106
0.229566
0.001699
0.065347
0.000031
1.800536
0.083657
0.000326
1.460737
0.000111
0.229226
0.002346
0.064935
0.000043
1.812149
0.084105
0.000318
1.464751
0.000109
0.227752
0.001743
0.064431
0.000032
1.842881
0.085393
0.000303
1.454879
0.000105
0.227641
0.001691
0.071994
0.000031
1.778343
0.084462
0.000318
1.510733
0.000108
0.230633
0.001720
0.065095
0.000051
1.790794
0.083373
0.000322
1.442669
0.000108
0.225353
0.001705
0.065801
0.000045
1.800711
0.083354
0.000313
1.465718
0.000102
0.231429
0.001276
0.066820
