0.036855
21.976333
0.137640
0.000453
2.746567
0.000162
0.394204
0.002035
0.100348
0.000034
3.637548
0.143810
0.000342
2.750536
0.000114
0.400252
0.001234
0.105779
0.000022
3.641195
0.143379
0.000298
2.751611
0.000123
0.401096
0.001272
0.105527
0.000021
3.676698
0.144426
0.000306
2.752695
0.000113
0.411650
0.001246
0.105640
0.000022
3.660818
0.154316
0.000400
2.750246
0.000114
0.402854
0.001250
0.105242
0.000023
3.601193
0.145523
0.000284
2.747391
0.000105
0.426558
0.001274
0.104865
0.000023
3.677399
0.155801
0.000300
2.742874
0.000108
0.408207
0.001262
0.104880
0.000023
3.644303
0.145626
0.000450
2.740972
0.000123
0.408266
0.001233
0.105976
0.000021
3.664959
0.145791
0.000329
2.751235
0.000164
0.396294
0.001971
0.105394
0.000020
3.645489
0.142899
0.000282
2.771832
0.000112
0.405898
0.001939
0.106727
