0.000037
0.459332
0.021809
0.000310
0.372095
0.000116
0.057678
0.001687
0.016378
0.000026
0.472173
0.021695
0.000304
0.366891
0.000104
0.059637
0.001700
0.016775
0.000048
0.459485
0.022027
0.000328
0.363639
0.000109
0.058685
0.001221
0.016852
0.000047
0.479267
0.022217
0.000323
0.368423
0.000108
0.057638
0.001716
0.017021
0.000022
0.465623
0.021795
0.000319
0.363621
0.000112
0.058209
0.001712
0.016863
0.000050
0.458266
0.021985
0.000289
0.363718
0.000108
0.060903
0.001978
0.016863
0.000035
0.460594
0.021567
0.000321
0.367810
0.000103
0.058574
0.001233
0.016125
0.000049
0.460313
0.021815
0.000323
0.368800
0.000116
0.058174
0.001234
0.016731
0.000049
0.495197
0.021668
0.000360
0.367881
0.000131
0.058213
0.001738
0.016714
0.000046
0.468876
0.022284
0.000281
0.363386
0.000109
0.058149
0.001776
0.017129
