0.000029
1.942763
0.082765
0.000414
1.385059
0.000117
0.217193
0.001960
0.062286
0.000032
1.935692
0.082712
0.000299
1.393984
0.000112
0.214053
0.001279
0.060626
0.000063
1.990681
0.083564
0.000310
1.425511
0.000108
0.226269
0.001269
0.061381
0.000040
1.987260
0.082554
0.000401
1.379520
0.000115
0.215427
0.001240
0.060537
0.000044
1.977930
0.082076
0.000316
1.386059
0.000110
0.225711
0.001249
0.063468
0.000041
1.956236
0.083254
0.000333
1.365490
0.000104
0.218487
0.001243
0.060776
0.000029
1.956389
0.082669
0.000294
1.394828
0.000102
0.214003
0.001325
0.061174
0.000050
1.966992
0.082243
0.000427
1.406365
0.000164
0.214575
0.001970
0.066182
0.000035
1.959278
0.083114
0.000288
1.385471
0.000108
0.216239
0.001241
0.060931
0.000043
1.944344
0.082790
0.000319
1.382029
0.000095
0.216260
0.001235
0.062175
