0.000029
2.246794
0.146464
0.000296
2.723663
0.000110
0.411041
0.002007
0.112579
0.000023
2.267499
0.145771
0.000295
2.727785
0.000113
0.409279
0.001273
0.110239
0.000025
2.276676
0.145879
0.000333
2.724168
0.000116
0.404973
0.001271
0.110299
0.000020
2.295954
0.145167
0.000317
2.717813
0.000125
0.401966
0.001275
0.114271
0.000021
2.255383
0.152956
0.000337
2.724168
0.000114
0.409721
0.001284
0.125084
0.000023
2.276653
0.145923
0.000316
2.741115
0.000113
0.406920
0.001265
0.111662
0.000022
2.246408
0.142392
0.000288
2.723941
0.000112
0.404700
0.001229
0.109621
0.000021
2.266967
0.146306
0.000310
2.772837
0.000115
0.489502
0.001533
0.133894
0.000021
2.639146
0.160953
0.000367
3.159624
0.000116
0.420804
0.001231
0.111581
0.000021
2.267077
0.148077
0.000312
2.867834
0.000116
0.488884
0.001441
0.137117
