0.026806
7.609577
0.028342
0.000457
0.357313
0.000101
0.054600
0.001278
0.014803
0.000041
0.535072
0.021193
0.000378
0.363761
0.000132
0.059356
0.001983
0.017435
0.000034
0.521916
0.021383
0.000307
0.369007
0.000106
0.058424
0.001247
0.015952
0.000047
0.518955
0.021412
0.000318
0.365870
0.000113
0.057678
0.001948
0.015869
0.000035
0.518174
0.021364
0.000306
0.367636
0.000109
0.058166
0.001235
0.016320
0.000031
0.518456
0.021162
0.000314
0.368096
0.000111
0.058966
0.001240
0.016092
0.000041
0.522684
0.021160
0.000303
0.366577
0.000103
0.057679
0.001248
0.015721
0.000052
0.513526
0.021347
0.000309
0.366783
0.000107
0.057490
0.001939
0.016027
0.000036
0.508105
0.021091
0.000310
0.375075
0.000107
0.058390
0.001229
0.016639
0.000032
0.517654
0.021253
0.000308
0.368274
0.000108
0.057563
0.001241
0.015967
