18.732672
0.064505
0.000675
5.608778
0.000229
0.784334
0.003443
1.096561
11.956058
0.062936
0.000884
5.548273
0.000303
0.541976
0.003956
1.092857
11.915678
0.062706
0.000870
5.239427
0.000263
0.542505
0.004195
1.096400
11.835893
0.062316
0.000709
5.178850
0.000211
0.534452
0.004086
1.087630
12.184077
0.063450
0.000777
5.536334
0.000223
0.543657
0.003460
1.087766
11.795297
0.062939
0.000682
5.540158
0.000213
0.540840
0.003390
1.096569
11.864801
0.062716
0.000708
5.547367
0.000224
0.535033
0.003473
1.094471
11.889813
0.062880
0.000847
5.597128
0.000194
0.566555
0.004331
1.106475
11.777659
0.062699
0.001096
5.896324
0.000357
0.652793
0.006791
1.341494
11.846549
0.062671
0.000707
5.587300
0.000271
0.566844
0.003427
1.089383
