2.987153
0.015857
0.000690
1.350967
0.000207
0.137098
0.004846
0.276569
2.965328
0.015685
0.000717
1.342935
0.000326
0.137462
0.004885
0.272676
2.991532
0.015888
0.000702
1.345352
0.000210
0.138411
0.003464
0.273163
2.975647
0.015585
0.000741
1.474786
0.000208
0.137370
0.004049
0.279766
2.979290
0.015748
0.000710
1.339608
0.000234
0.137322
0.003479
0.285045
2.941939
0.015520
0.000989
1.351650
0.000321
0.134801
0.004895
0.276229
3.020131
0.016100
0.001030
1.354524
0.000268
0.138887
0.003793
0.276218
2.972414
0.015798
0.000692
1.468133
0.000218
0.137956
0.003424
0.275861
3.010969
0.016180
0.000694
1.467289
0.000223
0.136530
0.003436
0.280484
2.998484
0.015842
0.001053
1.456949
0.000347
0.147341
0.005527
0.275633
